timestamp,name,age,email,consent,source
